p1, p2, Re, Im, td_Re, td_Im
0, 0.0, 0.110, -0.101, 0.110, -0.101
0, 0.1, 0.115, -0.102, 0.115, -0.102
0, 0.2, 0.119, -0.103, 0.119, -0.103
0, 0.3, 0.124, -0.104, 0.124, -0.104
0, 0.4, 0.130, -0.105, 0.130, -0.105
0, 0.5, 0.138, -0.104, 0.138, -0.104
0, 0.6, 0.148, -0.102, 0.148, -0.102
0, 0.7, 0.166, -0.094, 0.166, -0.094
0, 0.8, 0.212, -0.066, stable
0, 0.9, 0.43, 0.01, 0.43, 0.01
1, 0.0, 0.2929, -0.0978, 0.292, -0.097
1, 0.1, 0.3034, -0.0988, 0.303, -0.098
1, 0.2, 0.3152, -0.0999, 0.315, -0.099
1, 0.3, 0.3287, -0.1011, 0.328, -0.101
1, 0.4, 0.3444, -0.1023, 0.344, -0.102
1, 0.5, 0.3631, -0.1036, 0.363, -0.103
1, 0.6, 0.38590, -0.10483, 0.385, -0.104
1, 0.7, 0.41506, -0.10594, 0.415, -0.105
1, 0.8, 0.45509, -0.10643, 0.455, -0.106
1, 0.9, 0.51863, -0.10438, 0.518, -0.104
2, 0.0, 0.48364, -0.09677, 0.483, -0.096
2, 0.1, 0.50080, -0.09785, 0.500, -0.097
2, 0.2, 0.52018, -0.09901, 0.520, -0.099
2, 0.3, 0.54234, -0.10025, 0.542, -0.100
2, 0.4, 0.56813, -0.10155, 0.568, -0.101
2, 0.5, 0.59878, -0.10291, 0.598, -0.102
2, 0.6, 0.63633, -0.10428, 0.636, -0.104
2, 0.7, 0.68437, -0.10551, 0.684, -0.105 
2, 0.8, 0.750420, -0.106156, 0.750, -0.106
2, 0.9, 0.85544, -0.10428, error
3, 0.0, 0.67537, -0.09650, -
3, 0.1, 0.69927, -0.09760, -
3, 0.2, 0.72628, -0.09877, -
3, 0.3, 0.75718, -0.10001, -
3, 0.4, 0.79314, -0.10134, -
3, 0.5, 0.835896, -0.102718, -
3, 0.6, 0.888282, -0.104109, -
3, 0.7, 0.955333, -0.105368, -
3, 0.8, 1.047545, -0.106049, -
3, 0.9, 1.194230, -0.104227, -
